(1.00000, 0.00000) - (1.00000, 0.00000)
(1.00494, 0.00004) - (1.00500, 0.00003)
(1.01481, 0.00026) - (1.01500, 0.00022)
(1.01978, 0.00042) - (1.02000, 0.00040)
(1.02977, 0.00081) - (1.03000, 0.00090)
(1.04476, 0.00178) - (1.04498, 0.00202)
(1.05475, 0.00267) - (1.05497, 0.00302)
(1.06473, 0.00376) - (1.06495, 0.00422)
(1.07471, 0.00505) - (1.07493, 0.00562)
(1.07970, 0.00577) - (1.07991, 0.00640)
(1.08967, 0.00736) - (1.08988, 0.00810)
(1.09963, 0.00914) - (1.09983, 0.01000)
(1.10958, 0.01112) - (1.10978, 0.01210)
(1.11953, 0.01330) - (1.11971, 0.01440)
(1.12946, 0.01567) - (1.12963, 0.01690)
(1.13939, 0.01825) - (1.13954, 0.01960)
(1.14930, 0.02102) - (1.14944, 0.02250)
(1.15920, 0.02399) - (1.15932, 0.02560)
(1.16909, 0.02716) - (1.16918, 0.02890)
(1.17896, 0.03052) - (1.17903, 0.03240)
(1.18881, 0.03408) - (1.18886, 0.03610)
(1.19865, 0.03784) - (1.19867, 0.04000)
(1.20847, 0.04180) - (1.20846, 0.04410)
(1.21828, 0.04595) - (1.21823, 0.04840)
(1.22806, 0.05030) - (1.22798, 0.05290)
(1.23783, 0.05485) - (1.23770, 0.05760)
(1.24757, 0.05960) - (1.24740, 0.06250)
(1.25729, 0.06454) - (1.25708, 0.06760)
(1.26699, 0.06968) - (1.26673, 0.07290)
(1.27667, 0.07502) - (1.27636, 0.07840)
(1.28632, 0.08056) - (1.28595, 0.08410)
(1.29594, 0.08629) - (1.29552, 0.09000)
(1.30554, 0.09222) - (1.30506, 0.09610)
(1.31511, 0.09835) - (1.31457, 0.10240)
(1.32466, 0.10467) - (1.32404, 0.10890)
(1.33417, 0.11119) - (1.33349, 0.11560)
(1.34366, 0.11791) - (1.34290, 0.12250)
(1.35311, 0.12483) - (1.35227, 0.12960)
(1.36253, 0.13194) - (1.36162, 0.13690)
(1.37192, 0.13925) - (1.37092, 0.14440)
(1.38128, 0.14676) - (1.38019, 0.15210)
(1.39061, 0.15446) - (1.38942, 0.16000)
(1.39990, 0.16236) - (1.39861, 0.16810)
(1.40915, 0.17046) - (1.40776, 0.17640)
(1.41837, 0.17875) - (1.41687, 0.18490)
(1.42755, 0.18725) - (1.42594, 0.19360)
(1.43669, 0.19594) - (1.43497, 0.20250)
(1.44580, 0.20482) - (1.44395, 0.21160)
(1.45486, 0.21390) - (1.45289, 0.22090)
(1.46389, 0.22318) - (1.46178, 0.23040)
(1.47287, 0.23266) - (1.47063, 0.24010)
(1.48182, 0.24234) - (1.47943, 0.25000)
(1.49072, 0.25221) - (1.48818, 0.26010)
(1.49957, 0.26227) - (1.49688, 0.27040)
(1.50839, 0.27254) - (1.50553, 0.28090)
(1.51715, 0.28300) - (1.51414, 0.29160)
(1.52588, 0.29366) - (1.52269, 0.30250)
(1.53456, 0.30451) - (1.53119, 0.31360)
(1.54319, 0.31556) - (1.53963, 0.32490)
(1.55177, 0.32681) - (1.54802, 0.33640)
(1.56031, 0.33830) - (1.55636, 0.34810)
(1.56883, 0.35010) - (1.56464, 0.36000)
(1.57729, 0.36211) - (1.57287, 0.37210)
(1.58570, 0.37431) - (1.58104, 0.38440)
(1.59405, 0.38672) - (1.58914, 0.39690)
(1.60235, 0.39933) - (1.59720, 0.40960)
(1.61060, 0.41215) - (1.60519, 0.42250)
(1.61879, 0.42517) - (1.61312, 0.43560)
(1.62692, 0.43839) - (1.62099, 0.44890)
(1.63500, 0.45181) - (1.62879, 0.46240)
(1.64302, 0.46543) - (1.63654, 0.47610)
(1.65098, 0.47926) - (1.64422, 0.49000)
(1.65888, 0.49329) - (1.65183, 0.50410)
(1.66672, 0.50753) - (1.65938, 0.51840)
(1.67450, 0.52196) - (1.66687, 0.53290)
(1.68221, 0.53661) - (1.67429, 0.54760)
(1.68987, 0.55145) - (1.68164, 0.56250)
(1.69746, 0.56650) - (1.68892, 0.57760)
(1.70499, 0.58175) - (1.69614, 0.59290)
(1.71246, 0.59721) - (1.70328, 0.60840)
(1.71986, 0.61287) - (1.71035, 0.62410)
(1.72720, 0.62873) - (1.71736, 0.64000)
(1.73447, 0.64480) - (1.72429, 0.65610)
(1.74167, 0.66107) - (1.73115, 0.67240)
(1.74881, 0.67755) - (1.73793, 0.68890)
(1.75587, 0.69423) - (1.74464, 0.70560)
(1.76287, 0.71112) - (1.75128, 0.72250)
(1.76980, 0.72821) - (1.75784, 0.73960)
(1.77666, 0.74551) - (1.76433, 0.75690)
(1.78346, 0.76302) - (1.77074, 0.77440)
(1.79017, 0.78072) - (1.77707, 0.79210)
(1.79682, 0.79864) - (1.78333, 0.81000)
(1.80340, 0.81676) - (1.78950, 0.82810)
(1.80990, 0.83509) - (1.79560, 0.84640)
(1.81633, 0.85362) - (1.80162, 0.86490)
(1.82269, 0.87236) - (1.80756, 0.88360)
(1.82897, 0.89130) - (1.81342, 0.90250)
(1.83518, 0.91046) - (1.81919, 0.92160)
(1.84131, 0.92982) - (1.82489, 0.94090)
(1.84737, 0.94938) - (1.83050, 0.96040)
(1.85334, 0.96916) - (1.83603, 0.98010)
(1.85925, 0.98914) - (1.84147, 1.00000)
