(0.60602, 0.19209) - (1.01000, 0.00010)
(0.61208, 0.18436) - (1.02000, 0.00040)
(0.61818, 0.17681) - (1.03000, 0.00090)
(0.62431, 0.16944) - (1.03999, 0.00160)
(0.63048, 0.16225) - (1.04998, 0.00250)
(0.63668, 0.15524) - (1.05996, 0.00360)
(0.64292, 0.14841) - (1.06994, 0.00490)
(0.64919, 0.14176) - (1.07991, 0.00640)
(0.65550, 0.13529) - (1.08988, 0.00810)
(0.66183, 0.12900) - (1.09983, 0.01000)
(0.66820, 0.12289) - (1.10978, 0.01210)
(0.67459, 0.11696) - (1.11971, 0.01440)
(0.68101, 0.11121) - (1.12963, 0.01690)
(0.68746, 0.10564) - (1.13954, 0.01960)
(0.69393, 0.10025) - (1.14944, 0.02250)
(0.70043, 0.09505) - (1.15932, 0.02560)
(0.70695, 0.09002) - (1.16918, 0.02890)
(0.71349, 0.08517) - (1.17903, 0.03240)
(0.72006, 0.08050) - (1.18886, 0.03610)
(0.72664, 0.07601) - (1.19867, 0.04000)
(0.73325, 0.07171) - (1.20846, 0.04410)
(0.73987, 0.06758) - (1.21823, 0.04840)
(0.74651, 0.06363) - (1.22798, 0.05290)
(0.75317, 0.05987) - (1.23770, 0.05760)
(0.75984, 0.05628) - (1.24740, 0.06250)
(0.76652, 0.05288) - (1.25708, 0.06760)
(0.77322, 0.04965) - (1.26673, 0.07290)
(0.77993, 0.04661) - (1.27636, 0.07840)
(0.78665, 0.04375) - (1.28595, 0.08410)
(0.79339, 0.04107) - (1.29552, 0.09000)
(0.80013, 0.03857) - (1.30506, 0.09610)
(0.80687, 0.03625) - (1.31457, 0.10240)
(0.81363, 0.03411) - (1.32404, 0.10890)
(0.82039, 0.03215) - (1.33349, 0.11560)
(0.82715, 0.03037) - (1.34290, 0.12250)
(0.83392, 0.02878) - (1.35227, 0.12960)
(0.84068, 0.02737) - (1.36162, 0.13690)
(0.84745, 0.02613) - (1.37092, 0.14440)
(0.85422, 0.02508) - (1.38019, 0.15210)
(0.86099, 0.02421) - (1.38942, 0.16000)
(0.86776, 0.02352) - (1.39861, 0.16810)
(0.87452, 0.02302) - (1.40776, 0.17640)
(0.88128, 0.02269) - (1.41687, 0.18490)
(0.88804, 0.02255) - (1.42594, 0.19360)
(0.89479, 0.02259) - (1.43497, 0.20250)
(0.90153, 0.02281) - (1.44395, 0.21160)
(0.90826, 0.02321) - (1.45289, 0.22090)
(0.91498, 0.02380) - (1.46178, 0.23040)
(0.92169, 0.02457) - (1.47063, 0.24010)
(0.92839, 0.02552) - (1.47943, 0.25000)
(0.93508, 0.02665) - (1.48818, 0.26010)
(0.94175, 0.02796) - (1.49688, 0.27040)
(0.94841, 0.02946) - (1.50553, 0.28090)
(0.95505, 0.03114) - (1.51414, 0.29160)
(0.96168, 0.03300) - (1.52269, 0.30250)
(0.96828, 0.03505) - (1.53119, 0.31360)
(0.97487, 0.03728) - (1.53963, 0.32490)
(0.98144, 0.03969) - (1.54802, 0.33640)
(0.98798, 0.04229) - (1.55636, 0.34810)
(0.99451, 0.04507) - (1.56464, 0.36000)
(1.00101, 0.04803) - (1.57287, 0.37210)
(1.00748, 0.05118) - (1.58104, 0.38440)
(1.01393, 0.05451) - (1.58914, 0.39690)
(1.02036, 0.05802) - (1.59720, 0.40960)
(1.02675, 0.06172) - (1.60519, 0.42250)
(1.03312, 0.06560) - (1.61312, 0.43560)
(1.03946, 0.06966) - (1.62099, 0.44890)
(1.04576, 0.07391) - (1.62879, 0.46240)
(1.05204, 0.07835) - (1.63654, 0.47610)
(1.05828, 0.08297) - (1.64422, 0.49000)
(1.06449, 0.08777) - (1.65183, 0.50410)
(1.07066, 0.09276) - (1.65938, 0.51840)
(1.07680, 0.09793) - (1.66687, 0.53290)
(1.08290, 0.10329) - (1.67429, 0.54760)
(1.08896, 0.10884) - (1.68164, 0.56250)
(1.09499, 0.11457) - (1.68892, 0.57760)
(1.10097, 0.12048) - (1.69614, 0.59290)
(1.10691, 0.12658) - (1.70328, 0.60840)
(1.11282, 0.13287) - (1.71035, 0.62410)
(1.11867, 0.13934) - (1.71736, 0.64000)
(1.12449, 0.14600) - (1.72429, 0.65610)
(1.13026, 0.15284) - (1.73115, 0.67240)
(1.13598, 0.15988) - (1.73793, 0.68890)
(1.14166, 0.16709) - (1.74464, 0.70560)
(1.14729, 0.17450) - (1.75128, 0.72250)
(1.15287, 0.18209) - (1.75784, 0.73960)
(1.15840, 0.18987) - (1.76433, 0.75690)
(1.16388, 0.19783) - (1.77074, 0.77440)
(1.16931, 0.20598) - (1.77707, 0.79210)
(1.17468, 0.21432) - (1.78333, 0.81000)
(1.18001, 0.22285) - (1.78950, 0.82810)
(1.18527, 0.23156) - (1.79560, 0.84640)
(1.19049, 0.24047) - (1.80162, 0.86490)
(1.19564, 0.24956) - (1.80756, 0.88360)
(1.20074, 0.25884) - (1.81342, 0.90250)
(1.20578, 0.26830) - (1.81919, 0.92160)
(1.21077, 0.27796) - (1.82489, 0.94090)
(1.21569, 0.28780) - (1.83050, 0.96040)
(1.22055, 0.29784) - (1.83603, 0.98010)
(1.22535, 0.30806) - (1.84147, 1.00000)
